518
   0.20000    1.396    1.1000E-07
   0.22500    1.373    4.9000E-08
   0.25000    1.362    3.4000E-08
   0.27500    1.354    2.4000E-08
   0.30000    1.349    1.6000E-08
   0.32500    1.346    1.1000E-08
   0.35001    1.343    6.5000E-09
   0.37500    1.341    3.5000E-09
   0.40000    1.339    1.9000E-09
   0.42501    1.338    1.3000E-09
   0.45000    1.337    1.0000E-09
   0.47499    1.336    9.4000E-10
   0.50000    1.335    1.0000E-09
   0.52499    1.334    1.3000E-09
   0.54999    1.333    2.0000E-09
   0.57501    1.333    3.6000E-09
   0.59999    1.332    1.1000E-08
   0.62500    1.332    1.4000E-08
   0.64998    1.331    1.6000E-08
   0.67499    1.331    2.2000E-08
   0.68966    1.332    2.7000E-08
   0.70175    1.332    3.8000E-08
   0.71429    1.332    5.6000E-08
   0.72464    1.332    7.7300E-08
   0.73529    1.332    1.3900E-07
   0.74627    1.332    1.6300E-07
   0.75188    1.332    1.6800E-07
   0.75758    1.332    1.6400E-07
   0.76923    1.331    1.5400E-07
   0.78125    1.331    1.4300E-07
   0.79365    1.331    1.3300E-07
   0.80645    1.331    1.2500E-07
   0.81301    1.331    1.2400E-07
   0.81967    1.330    1.3000E-07
   0.83333    1.330    2.0400E-07
   0.84746    1.330    2.6100E-07
   0.86207    1.330    2.9400E-07
   0.87719    1.330    3.5300E-07
   0.89286    1.329    4.3300E-07
   0.90909    1.329    5.4300E-07
   0.92593    1.329    8.7700E-07
   0.93458    1.329    1.1800E-06
   0.94340    1.329    1.6100E-06
   0.95238    1.328    2.4400E-06
   0.96154    1.328    3.6000E-06
   0.97276    1.328    3.9800E-06
   0.98039    1.328    3.9200E-06
   0.99010    1.328    3.7000E-06
   1.00000    1.328    3.3100E-06
   1.01010    1.328    2.8200E-06
   1.02041    1.328    2.3100E-06
   1.03093    1.328    1.9000E-06
   1.04167    1.328    1.5700E-06
   1.05263    1.328    1.3700E-06
   1.06952    1.328    1.2600E-06
   1.08696    1.327    1.4400E-06
   1.09890    1.327    1.6800E-06
   1.11111    1.327    2.0500E-06
   1.12360    1.327    2.8900E-06
   1.13636    1.326    4.9600E-06
   1.14943    1.326    8.8700E-06
   1.16279    1.326    1.0900E-05
   1.17647    1.326    1.1500E-05
   1.19048    1.325    1.1800E-05
   1.20482    1.325    1.2000E-05
   1.21951    1.325    1.1800E-05
   1.23457    1.325    1.1500E-05
   1.25000    1.325    1.1000E-05
   1.26582    1.324    1.0800E-05
   1.28205    1.324    1.1500E-05
   1.29870    1.324    1.3800E-05
   1.31579    1.324    1.7500E-05
   1.33333    1.323    2.3900E-05
   1.35135    1.323    4.1600E-05
   1.36986    1.323    5.9400E-05
   1.38889    1.322    1.0100E-04
   1.40845    1.322    2.4100E-04
   1.42857    1.321    3.5200E-04
   1.44300    1.321    3.6400E-04
   1.47059    1.321    3.3400E-04
   1.49254    1.320    2.5800E-04
   1.51515    1.320    1.8800E-04
   1.53846    1.319    1.4800E-04
   1.56250    1.319    1.2000E-04
   1.58730    1.318    1.0200E-04
   1.61290    1.318    8.7300E-05
   1.63934    1.317    7.9200E-05
   1.66667    1.316    7.4900E-05
   1.69492    1.315    7.6200E-05
   1.72414    1.314    8.5500E-05
   1.75439    1.314    1.0600E-04
   1.78571    1.313    1.3000E-04
   1.80180    1.312    1.3600E-04
   1.81818    1.312    1.3700E-04
   1.85185    1.311    1.5900E-04
   1.88679    1.310    8.6300E-04
   1.92678    1.309    1.9000E-03
   1.96078    1.307    1.7000E-03
   2.00000    1.306    1.1000E-03
   2.02020    1.301    9.0000E-04
   2.04082    1.301    7.3100E-04
   2.06186    1.300    6.1700E-04
   2.08333    1.298    5.1400E-04
   2.10526    1.298    4.5200E-04
   2.12766    1.296    4.0000E-04
   2.15054    1.295    3.5900E-04
   2.17391    1.294    3.4100E-04
   2.19780    1.293    3.3800E-04
   2.22222    1.291    3.4500E-04
   2.24719    1.289    3.7600E-04
   2.27273    1.287    4.1600E-04
   2.29885    1.285    4.6500E-04
   2.32558    1.282    5.4200E-04
   2.35294    1.280    6.5200E-04
   2.38095    1.277    7.9200E-04
   2.40964    1.274    9.6800E-04
   2.43902    1.270    1.2300E-03
   2.46914    1.265    1.5600E-03
   2.50000    1.261    1.9000E-03
   2.50627    1.260    1.9500E-03
   2.51256    1.259    2.0000E-03
   2.51889    1.257    2.0500E-03
   2.52525    1.256    2.0700E-03
   2.53165    1.255    2.1000E-03
   2.53807    1.254    2.1200E-03
   2.54453    1.252    2.1500E-03
   2.55102    1.250    2.1900E-03
   2.55754    1.249    2.2400E-03
   2.56410    1.247    2.2700E-03
   2.57069    1.246    2.3100E-03
   2.57732    1.243    2.3400E-03
   2.58398    1.241    2.3900E-03
   2.59067    1.240    2.4300E-03
   2.59740    1.238    2.4800E-03
   2.60417    1.235    2.5700E-03
   2.61097    1.232    2.7000E-03
   2.61780    1.230    2.9800E-03
   2.62467    1.227    3.3000E-03
   2.63158    1.224    4.0200E-03
   2.63852    1.221    4.3700E-03
   2.64550    1.218    4.8200E-03
   2.65252    1.214    5.3600E-03
   2.65957    1.210    6.2700E-03
   2.66667    1.205    7.3200E-03
   2.67380    1.200    8.5500E-03
   2.68097    1.195    1.0500E-02
   2.68817    1.191    1.2700E-02
   2.69542    1.185    1.4500E-02
   2.70270    1.179    1.6400E-02
   2.71003    1.172    1.8600E-02
   2.71739    1.166    2.0500E-02
   2.72480    1.157    2.8200E-02
   2.73224    1.149    3.8000E-02
   2.73973    1.144    4.6200E-02
   2.74725    1.139    5.4800E-02
   2.75482    1.138    6.4900E-02
   2.76243    1.138    7.4400E-02
   2.77008    1.139    8.3600E-02
   2.77778    1.141    9.2700E-02
   2.78552    1.144    1.0200E-01
   2.79330    1.149    1.1200E-01
   2.80112    1.154    1.2100E-01
   2.80899    1.158    1.3100E-01
   2.81690    1.161    1.4200E-01
   2.82486    1.165    1.5400E-01
   2.83286    1.171    1.6700E-01
   2.84091    1.177    1.8000E-01
   2.84900    1.183    1.9400E-01
   2.85714    1.191    2.0600E-01
   2.86533    1.199    2.1800E-01
   2.87356    1.212    2.2900E-01
   2.88184    1.220    2.3900E-01
   2.89017    1.233    2.4900E-01
   2.89855    1.246    2.5800E-01
   2.90698    1.258    2.6500E-01
   2.91545    1.271    2.7100E-01
   2.92398    1.282    2.7600E-01
   2.93255    1.293    2.8000E-01
   2.94118    1.305    2.8100E-01
   2.94985    1.317    2.8200E-01
   2.95858    1.329    2.8200E-01
   2.96736    1.342    2.7900E-01
   2.97619    1.353    2.7600E-01
   2.98507    1.364    2.7200E-01
   2.99401    1.376    2.6700E-01
   3.00300    1.386    2.6200E-01
   3.01205    1.398    2.5500E-01
   3.02115    1.407    2.5000E-01
   3.03030    1.417    2.4300E-01
   3.03951    1.426    2.3600E-01
   3.04878    1.434    2.2800E-01
   3.05810    1.442    2.2000E-01
   3.06748    1.450    2.1200E-01
   3.07692    1.457    2.0400E-01
   3.08642    1.465    1.9500E-01
   3.09598    1.471    1.8300E-01
   3.10559    1.476    1.7300E-01
   3.11526    1.480    1.6300E-01
   3.12500    1.483    1.5300E-01
   3.13480    1.486    1.4400E-01
   3.14465    1.487    1.3400E-01
   3.15457    1.487    1.2500E-01
   3.16456    1.487    1.1700E-01
   3.17460    1.486    1.1000E-01
   3.18471    1.485    9.9400E-02
   3.19489    1.482    9.2000E-02
   3.20513    1.479    8.5500E-02
   3.21543    1.477    7.8500E-02
   3.22581    1.474    7.1600E-02
   3.23625    1.472    6.5300E-02
   3.24675    1.467    6.0000E-02
   3.25733    1.464    5.5000E-02
   3.26797    1.461    5.0400E-02
   3.27869    1.457    4.6200E-02
   3.28947    1.454    4.2200E-02
   3.30033    1.451    3.8500E-02
   3.31126    1.448    3.4800E-02
   3.32226    1.444    3.1500E-02
   3.33333    1.441    2.9700E-02
   3.34448    1.437    2.7900E-02
   3.35570    1.434    2.6200E-02
   3.36700    1.431    2.5000E-02
   3.37838    1.427    2.2900E-02
   3.38983    1.425    2.1000E-02
   3.40136    1.421    1.9300E-02
   3.41297    1.418    1.7700E-02
   3.42466    1.415    1.6300E-02
   3.43643    1.413    1.5100E-02
   3.44828    1.410    1.3800E-02
   3.46021    1.407    1.2800E-02
   3.47222    1.405    1.1800E-02
   3.48432    1.403    1.1000E-02
   3.49650    1.400    1.0100E-02
   3.50877    1.398    9.4100E-03
   3.52113    1.396    8.6600E-03
   3.53357    1.394    8.0700E-03
   3.54610    1.392    7.3700E-03
   3.55872    1.390    6.8300E-03
   3.57143    1.388    6.2500E-03
   3.58423    1.387    5.7900E-03
   3.59712    1.385    5.3800E-03
   3.61011    1.383    5.0600E-03
   3.62319    1.382    4.7300E-03
   3.63636    1.379    4.4900E-03
   3.64964    1.378    4.2400E-03
   3.66300    1.377    4.0500E-03
   3.67647    1.375    3.8900E-03
   3.69004    1.374    3.7600E-03
   3.70370    1.372    3.6300E-03
   3.71747    1.371    3.5500E-03
   3.73134    1.370    3.4700E-03
   3.74532    1.369    3.4000E-03
   3.75940    1.367    3.3500E-03
   3.77358    1.366    3.3600E-03
   3.78788    1.365    3.3500E-03
   3.80228    1.363    3.3900E-03
   3.81679    1.361    3.4000E-03
   3.83142    1.361    3.4800E-03
   3.84615    1.360    3.5200E-03
   3.86100    1.358    3.6300E-03
   3.87597    1.358    3.7000E-03
   3.89105    1.357    3.7800E-03
   3.90625    1.355    3.8900E-03
   3.92157    1.354    3.9900E-03
   3.93701    1.353    4.1000E-03
   3.95257    1.352    4.2200E-03
   3.96825    1.351    4.3300E-03
   3.98406    1.350    4.5000E-03
   4.00000    1.349    4.6500E-03
   4.01606    1.348    4.7900E-03
   4.03226    1.348    4.9400E-03
   4.04858    1.347    5.1200E-03
   4.06504    1.346    5.3100E-03
   4.08163    1.345    5.4900E-03
   4.09836    1.344    5.6800E-03
   4.11523    1.344    5.8600E-03
   4.13223    1.343    6.0800E-03
   4.14938    1.342    6.3100E-03
   4.16667    1.341    6.5300E-03
   4.18410    1.340    6.7300E-03
   4.20168    1.340    6.9600E-03
   4.21941    1.338    7.2200E-03
   4.23729    1.337    7.4900E-03
   4.25532    1.337    7.7900E-03
   4.27350    1.335    8.0600E-03
   4.29185    1.334    8.3300E-03
   4.31034    1.334    8.6400E-03
   4.32900    1.333    8.9600E-03
   4.34783    1.332    9.2700E-03
   4.36681    1.332    9.6600E-03
   4.38596    1.331    1.0000E-02
   4.40529    1.330    1.0400E-02
   4.42478    1.330    1.0800E-02
   4.44444    1.330    1.1200E-02
   4.46429    1.329    1.1700E-02
   4.48430    1.329    1.2200E-02
   4.50450    1.329    1.2600E-02
   4.52489    1.328    1.3100E-02
   4.54545    1.328    1.3600E-02
   4.56621    1.327    1.4000E-02
   4.58716    1.327    1.4500E-02
   4.60829    1.327    1.4900E-02
   4.62963    1.327    1.5200E-02
   4.65116    1.327    1.5400E-02
   4.67290    1.326    1.5600E-02
   4.69484    1.326    1.5700E-02
   4.71698    1.326    1.5700E-02
   4.73934    1.325    1.5700E-02
   4.76190    1.325    1.5500E-02
   4.78469    1.325    1.5300E-02
   4.80769    1.325    1.5100E-02
   4.83092    1.325    1.4800E-02
   4.85437    1.325    1.4600E-02
   4.87805    1.324    1.4300E-02
   4.90196    1.324    1.4000E-02
   4.92611    1.323    1.3700E-02
   4.95050    1.322    1.3300E-02
   4.97512    1.322    1.2900E-02
   5.00000    1.321    1.2600E-02
   5.02513    1.320    1.2200E-02
   5.05051    1.319    1.1800E-02
   5.07614    1.318    1.1500E-02
   5.10204    1.318    1.1000E-02
   5.12821    1.317    1.0800E-02
   5.15464    1.316    1.0500E-02
   5.18135    1.314    1.0300E-02
   5.20833    1.313    1.0100E-02
   5.23560    1.311    1.0000E-02
   5.26316    1.310    9.9300E-03
   5.29101    1.308    9.9000E-03
   5.31915    1.306    9.9500E-03
   5.34759    1.304    1.0000E-02
   5.37634    1.302    1.0200E-02
   5.40541    1.299    1.0400E-02
   5.43478    1.297    1.0700E-02
   5.46448    1.294    1.1000E-02
   5.49451    1.291    1.1500E-02
   5.52486    1.288    1.2000E-02
   5.55556    1.285    1.2800E-02
   5.58659    1.282    1.3800E-02
   5.61798    1.278    1.5000E-02
   5.64972    1.275    1.6600E-02
   5.68182    1.271    1.8500E-02
   5.71429    1.267    2.0500E-02
   5.74713    1.262    2.4200E-02
   5.78035    1.256    2.9300E-02
   5.81395    1.251    3.3200E-02
   5.84795    1.247    4.2900E-02
   5.88235    1.242    5.4400E-02
   5.91716    1.241    6.8800E-02
   5.95238    1.241    8.4000E-02
   5.98802    1.247    1.0210E-01
   6.02410    1.265    1.1700E-01
   6.06061    1.289    1.3000E-01
   6.09756    1.311    1.3200E-01
   6.13497    1.332    1.2400E-01
   6.17284    1.349    1.0600E-01
   6.21118    1.354    8.8000E-02
   6.25000    1.356    7.4000E-02
   6.28931    1.354    6.1800E-02
   6.32911    1.350    5.3500E-02
   6.36943    1.345    4.8400E-02
   6.41026    1.341    4.4700E-02
   6.45161    1.337    4.2000E-02
   6.49351    1.333    3.9800E-02
   6.53595    1.330    3.8300E-02
   6.57895    1.326    3.7300E-02
   6.62252    1.324    3.7000E-02
   6.66667    1.322    3.6600E-02
   6.71141    1.320    3.6300E-02
   6.75676    1.319    3.6000E-02
   6.80272    1.318    3.5700E-02
   6.84932    1.317    3.5500E-02
   6.89655    1.316    3.5200E-02
   6.94444    1.315    3.5000E-02
   6.99301    1.314    3.4700E-02
   7.04225    1.313    3.4600E-02
   7.09220    1.311    3.4300E-02
   7.14286    1.310    3.4200E-02
   7.19424    1.309    3.4200E-02
   7.24638    1.308    3.4200E-02
   7.29927    1.307    3.4300E-02
   7.35294    1.306    3.4200E-02
   7.40741    1.305    3.4200E-02
   7.46269    1.303    3.4200E-02
   7.51880    1.302    3.4200E-02
   7.57576    1.301    3.4200E-02
   7.63359    1.300    3.4400E-02
   7.69231    1.298    3.4500E-02
   7.75194    1.296    3.4600E-02
   7.81250    1.295    3.4900E-02
   7.87402    1.294    3.5100E-02
   7.93651    1.293    3.5100E-02
   8.00000    1.291    3.5100E-02
   8.06452    1.288    3.5200E-02
   8.13008    1.286    3.5600E-02
   8.19672    1.285    3.5900E-02
   8.26446    1.283    3.6100E-02
   8.33333    1.281    3.6200E-02
   8.40336    1.279    3.6600E-02
   8.47458    1.276    3.7000E-02
   8.54701    1.274    3.7400E-02
   8.62069    1.271    3.7800E-02
   8.69565    1.269    3.8300E-02
   8.77193    1.267    3.8700E-02
   8.84956    1.264    3.9200E-02
   8.92857    1.261    3.9800E-02
   9.00901    1.259    4.0500E-02
   9.09091    1.256    4.1100E-02
   9.17431    1.253    4.1700E-02
   9.25926    1.249    4.2400E-02
   9.34579    1.246    4.3400E-02
   9.43396    1.242    4.4300E-02
   9.52381    1.238    4.5300E-02
   9.61538    1.234    4.6700E-02
   9.70874    1.230    4.8100E-02
   9.80392    1.224    4.9700E-02
   9.90099    1.220    5.1500E-02
  10.00000    1.214    5.3400E-02
  10.10101    1.208    5.5700E-02
  10.20408    1.202    5.8900E-02
  10.30928    1.194    6.2200E-02
  10.41667    1.189    6.6100E-02
  10.52632    1.181    7.0700E-02
  10.63830    1.174    7.6400E-02
  10.75269    1.168    8.2800E-02
  10.86957    1.162    8.9800E-02
  10.98901    1.156    9.7300E-02
  11.11111    1.149    1.0700E-01
  11.23596    1.143    1.1800E-01
  11.36364    1.139    1.3000E-01
  11.49425    1.135    1.4400E-01
  11.62791    1.132    1.5900E-01
  11.76471    1.132    1.7600E-01
  11.90476    1.131    1.9200E-01
  12.04819    1.132    2.0800E-01
  12.19512    1.130    2.2600E-01
  12.34568    1.130    2.4300E-01
  12.50000    1.134    2.6000E-01
  12.65823    1.138    2.7700E-01
  12.82051    1.142    2.9200E-01
  12.98701    1.157    3.0500E-01
  13.15789    1.171    3.1700E-01
  13.33333    1.182    3.2800E-01
  13.51351    1.189    3.3800E-01
  13.69863    1.201    3.4700E-01
  13.88889    1.213    3.5600E-01
  14.08451    1.223    3.6500E-01
  14.28571    1.236    3.7300E-01
  14.49275    1.249    3.7900E-01
  14.70588    1.264    3.8600E-01
  14.92537    1.277    3.9200E-01
  15.15152    1.289    3.9700E-01
  15.38462    1.303    4.0300E-01
  15.62500    1.313    4.0800E-01
  15.87302    1.324    4.1200E-01
  16.12903    1.335    4.1700E-01
  16.39344    1.348    4.2000E-01
  16.66667    1.361    4.2300E-01
  16.94915    1.372    4.2500E-01
  17.24138    1.385    4.2700E-01
  17.54386    1.396    4.2800E-01
  17.85714    1.407    4.2700E-01
  18.18182    1.419    4.2700E-01
  18.51852    1.431    4.2600E-01
  18.86792    1.441    4.2500E-01
  19.23077    1.451    4.2300E-01
  19.60784    1.462    4.2100E-01
  20.00000    1.470    4.1800E-01
  20.40816    1.480    4.1500E-01
  20.83333    1.488    4.1100E-01
  21.27660    1.496    4.0800E-01
  21.73913    1.504    4.0400E-01
  22.22222    1.510    4.0100E-01
  22.72727    1.515    3.9700E-01
  23.25581    1.521    3.9400E-01
  23.80952    1.527    3.9000E-01
  24.39024    1.532    3.8600E-01
  25.00000    1.537    3.8200E-01
  25.64103    1.541    3.7700E-01
  26.31579    1.545    3.7200E-01
  27.02703    1.549    3.6800E-01
  27.77778    1.552    3.6300E-01
  28.57143    1.552    3.5900E-01
  29.41176    1.552    3.5600E-01
  30.30303    1.550    3.5200E-01
  31.25000    1.546    3.5300E-01
  32.25806    1.543    3.5700E-01
  33.33333    1.541    3.6100E-01
  34.48276    1.539    3.6800E-01
  35.71429    1.537    3.7500E-01
  37.03704    1.534    3.8500E-01
  38.46154    1.532    3.9800E-01
  40.00000    1.529    4.1400E-01
  41.66667    1.525    4.3600E-01
  43.47826    1.528    4.6900E-01
  45.45455    1.542    5.0500E-01
  47.61905    1.567    5.3900E-01
  50.00000    1.600    5.7100E-01
  52.63158    1.640    5.9700E-01
  55.55556    1.689    6.1800E-01
  58.82353    1.746    6.2900E-01
  62.50000    1.801    6.2200E-01
  66.66667    1.848    6.0800E-01
  71.42857    1.890    5.9300E-01
  76.92308    1.929    5.7700E-01
  83.33333    1.960    5.5700E-01
  90.90909    1.982    5.3200E-01
 100.00000    1.997    5.0700E-01
 111.11111    2.000    4.8700E-01
 125.00000    2.010    4.6600E-01
 142.85714    2.020    4.5000E-01
 166.66667    2.040    4.4400E-01
 200.00000    2.070    4.3800E-01
 250.00000    2.110    4.6000E-01
 333.33333    2.150    5.2700E-01
 500.00000    2.225    7.1800E-01
1000.00000    2.481    8.4657E-01